|--------------------------------------------------------------------------------------------------------------------|
| car  | sector 1 | sector 2 | sector 3 | lap time  | best lap time  | total time  | pit stop(s) | out |  interval   |
|--------------------------------------------------------------------------------------------------------------------|
|   6  |  45.109  |  43.863  |  42.552  |  131.524  |    128.943     |  1062.691   |      0      |  1  |  +   0.000  |
|--------------------------------------------------------------------------------------------------------------------|
|   9  |  40.569  |  48.287  |  47.022  |  135.878  |    124.612     |  2278.754   |      0      |  1  |  +1216.064  |
|--------------------------------------------------------------------------------------------------------------------|
|  77  |  45.092  |  48.316  |  42.540  |  135.948  |    125.840     |  2388.534   |      0      |  1  |  + 109.779  |
|--------------------------------------------------------------------------------------------------------------------|
|  55  |  43.320  |  42.058  |  45.271  |  142.848  |    124.373     |  2405.323   |      1      |  0  |  +  16.790  |
|--------------------------------------------------------------------------------------------------------------------|
|  44  |  43.501  |  42.225  |  45.481  |  143.637  |    125.310     |  3419.021   |      1      |  0  |  +1013.698  |
|--------------------------------------------------------------------------------------------------------------------|
|  11  |  48.109  |  42.347  |  41.057  |  139.536  |    124.850     |  3426.842   |      1      |  0  |  +   7.820  |
|--------------------------------------------------------------------------------------------------------------------|
|  63  |  46.956  |  41.150  |  48.850  |  136.956  |    125.627     |  3465.148   |      0      |  0  |  +  38.306  |
|--------------------------------------------------------------------------------------------------------------------|
|  31  |  42.600  |  45.811  |  44.492  |  132.902  |    125.326     |  5018.837   |      0      |  0  |  +1553.689  |
|--------------------------------------------------------------------------------------------------------------------|
|  14  |  45.070  |  48.295  |  42.521  |  135.886  |    124.594     |  5062.251   |      0      |  0  |  +  43.414  |
|--------------------------------------------------------------------------------------------------------------------|
|  33  |  41.318  |  40.021  |  47.787  |  129.126  |    124.936     |  5072.596   |      0      |  0  |  +  10.345  |
|--------------------------------------------------------------------------------------------------------------------|
|   5  |  47.703  |  46.444  |  45.189  |  139.337  |    126.249     |  5072.966   |      0      |  0  |  +   0.370  |
|--------------------------------------------------------------------------------------------------------------------|
|   3  |  48.449  |  42.654  |  45.907  |  137.010  |    126.699     |  5090.279   |      0      |  0  |  +  17.313  |
|--------------------------------------------------------------------------------------------------------------------|
|  47  |  42.064  |  40.821  |  44.078  |  126.963  |    125.690     |  5735.908   |      0      |  0  |  + 645.629  |
|--------------------------------------------------------------------------------------------------------------------|
|   4  |  47.351  |  41.599  |  40.287  |  129.236  |    124.704     |  5747.072   |      0      |  0  |  +  11.165  |
|--------------------------------------------------------------------------------------------------------------------|
|  10  |  44.733  |  47.934  |  46.693  |  139.360  |    125.381     |  5755.137   |      0      |  0  |  +   8.064  |
|--------------------------------------------------------------------------------------------------------------------|
|  18  |  43.631  |  42.309  |  41.058  |  126.998  |    124.029     |  5761.656   |      0      |  0  |  +   6.520  |
|--------------------------------------------------------------------------------------------------------------------|
|  16  |  45.464  |  48.723  |  47.404  |  141.591  |    124.746     |  5762.254   |      0      |  0  |  +   0.598  |
|--------------------------------------------------------------------------------------------------------------------|
|  99  |  44.314  |  43.076  |  41.797  |  129.187  |    124.765     |  5774.325   |      0      |  0  |  +  12.071  |
|--------------------------------------------------------------------------------------------------------------------|
|  22  |  46.193  |  44.957  |  48.179  |  139.329  |    124.230     |  5777.344   |      0      |  0  |  +   3.020  |
|--------------------------------------------------------------------------------------------------------------------|
|   7  |  42.490  |  41.195  |  44.419  |  128.104  |    125.606     |  6053.762   |      0      |  0  |  + 276.417  |
|--------------------------------------------------------------------------------------------------------------------|
|--------------------------------------------------------|
| best sector 1    | best sector 2    | best sector 3    |
|--------------------------------------------------------|
|   3 : 40.018     |  99 : 40.007     |   7 : 40.005     |
|--------------------------------------------------------|
