|-----------------------------------------------------------------------------------------------------------------|
| car  | sector 1 | sector 2 | sector 3 | lap time  | best lap time  | total time  | pit stop(s) | out | interval |
|-----------------------------------------------------------------------------------------------------------------|
|  77  |  48.531  |  47.276  |  45.957  |  141.763  |    124.700     |  1209.425   |      0      |  0  |  +0.000  |
|-----------------------------------------------------------------------------------------------------------------|
|  18  |  46.653  |  40.841  |  44.080  |  131.575  |    125.151     |  1180.642   |      0      |  0  |  +0.451  |
|-----------------------------------------------------------------------------------------------------------------|
|  44  |  42.901  |  46.090  |  44.837  |  133.828  |    125.298     |  1185.197   |      0      |  0  |  +0.146  |
|-----------------------------------------------------------------------------------------------------------------|
|  47  |  44.726  |  47.980  |  46.699  |  139.405  |    125.759     |  1215.258   |      0      |  0  |  +0.462  |
|-----------------------------------------------------------------------------------------------------------------|
|  22  |  45.517  |  48.773  |  42.951  |  137.241  |    125.797     |  1196.713   |      0      |  0  |  +0.038  |
|-----------------------------------------------------------------------------------------------------------------|
|  31  |  43.631  |  42.354  |  45.572  |  131.558  |    125.838     |  1180.224   |      0      |  0  |  +0.041  |
|-----------------------------------------------------------------------------------------------------------------|
|   3  |  44.366  |  47.599  |  46.353  |  138.319  |    126.124     |  1189.624   |      0      |  0  |  +0.286  |
|-----------------------------------------------------------------------------------------------------------------|
|  11  |  46.270  |  44.959  |  48.246  |  139.475  |    126.371     |  1198.169   |      0      |  0  |  +0.247  |
|-----------------------------------------------------------------------------------------------------------------|
|   9  |  40.556  |  43.749  |  42.474  |  126.779  |    126.779     |  1206.621   |      0      |  0  |  +0.408  |
|-----------------------------------------------------------------------------------------------------------------|
|   7  |  42.498  |  41.228  |  48.990  |  132.716  |    127.263     |  1207.876   |      0      |  0  |  +0.483  |
|-----------------------------------------------------------------------------------------------------------------|
|  63  |  45.490  |  41.634  |  40.359  |  127.483  |    127.483     |  1182.716   |      0      |  0  |  +0.220  |
|-----------------------------------------------------------------------------------------------------------------|
|   5  |  43.288  |  46.523  |  45.219  |  135.030  |    128.439     |  1209.705   |      0      |  0  |  +0.956  |
|-----------------------------------------------------------------------------------------------------------------|
|  10  |  45.183  |  43.883  |  47.101  |  136.167  |    128.695     |  1203.981   |      0      |  0  |  +0.256  |
|-----------------------------------------------------------------------------------------------------------------|
|   4  |  45.910  |  40.109  |  47.848  |  133.866  |    128.791     |  1206.514   |      0      |  0  |  +0.096  |
|-----------------------------------------------------------------------------------------------------------------|
|  33  |  44.056  |  47.278  |  45.979  |  137.313  |    129.152     |  1211.751   |      0      |  0  |  +0.361  |
|-----------------------------------------------------------------------------------------------------------------|
|  14  |  42.173  |  40.873  |  48.609  |  131.654  |    129.303     |  1194.523   |      0      |  0  |  +0.151  |
|-----------------------------------------------------------------------------------------------------------------|
|  55  |  40.292  |  48.008  |  42.217  |  130.516  |    129.339     |  1198.596   |      0      |  0  |  +0.037  |
|-----------------------------------------------------------------------------------------------------------------|
|   6  |  41.036  |  48.719  |  43.011  |  132.767  |    130.379     |  1207.337   |      0      |  0  |  +1.040  |
|-----------------------------------------------------------------------------------------------------------------|
|  99  |  43.647  |  42.430  |  45.610  |  139.759  |    130.604     |  1210.686   |      1      |  0  |  +0.224  |
|-----------------------------------------------------------------------------------------------------------------|
|  16  |  45.875  |  44.618  |  47.829  |  138.321  |    131.393     |  1084.809   |      0      |  0  |  +0.790  |
|-----------------------------------------------------------------------------------------------------------------|
|--------------------------------------------------------|
| best sector 1    | best sector 2    | best sector 3    |
|--------------------------------------------------------|
|  18 : 40.001     |  33 : 40.045     |   5 : 40.033     |
|--------------------------------------------------------|
