|-----------------------------------------------------------------------------------------------------------------|
| car  | sector 1 | sector 2 | sector 3 | lap time  | best lap time  | total time  | pit stop(s) | out | interval |
|-----------------------------------------------------------------------------------------------------------------|
|  44  |  45.095  |  43.793  |  47.027  |  135.915  |    124.460     |   923.260   |      0      |  0  |  +0.000  |
|-----------------------------------------------------------------------------------------------------------------|
|   3  |  47.673  |  46.409  |  40.632  |  134.714  |    125.680     |   931.652   |      0      |  0  |  +1.221  |
|-----------------------------------------------------------------------------------------------------------------|
|   9  |  45.795  |  40.031  |  43.246  |  129.072  |    125.692     |   926.130   |      0      |  0  |  +0.012  |
|-----------------------------------------------------------------------------------------------------------------|
|  63  |  43.944  |  42.673  |  41.402  |  128.019  |    127.876     |   925.464   |      0      |  0  |  +2.184  |
|-----------------------------------------------------------------------------------------------------------------|
|   5  |  42.095  |  45.313  |  48.517  |  135.924  |    127.949     |   950.863   |      0      |  0  |  +0.073  |
|-----------------------------------------------------------------------------------------------------------------|
|  33  |  44.713  |  43.432  |  42.130  |  130.275  |    127.962     |   916.936   |      0      |  0  |  +0.013  |
|-----------------------------------------------------------------------------------------------------------------|
|  22  |  47.333  |  41.548  |  44.778  |  133.659  |    128.298     |   933.224   |      0      |  0  |  +0.336  |
|-----------------------------------------------------------------------------------------------------------------|
|  31  |  40.930  |  44.154  |  47.467  |  132.550  |    129.103     |   924.311   |      0      |  0  |  +0.805  |
|-----------------------------------------------------------------------------------------------------------------|
|   4  |  48.091  |  46.815  |  41.007  |  148.410  |    129.651     |   938.777   |      1      |  0  |  +0.548  |
|-----------------------------------------------------------------------------------------------------------------|
|   7  |  44.929  |  43.682  |  42.378  |  130.989  |    129.706     |   938.779   |      0      |  0  |  +0.054  |
|-----------------------------------------------------------------------------------------------------------------|
|  18  |  43.056  |  46.252  |  45.016  |  134.325  |    129.707     |   933.356   |      0      |  0  |  +0.001  |
|-----------------------------------------------------------------------------------------------------------------|
|  47  |  45.703  |  48.897  |  43.133  |  137.733  |    130.883     |   933.344   |      0      |  0  |  +1.176  |
|-----------------------------------------------------------------------------------------------------------------|
|  10  |  48.352  |  47.095  |  45.747  |  141.194  |    132.320     |   961.760   |      0      |  0  |  +1.437  |
|-----------------------------------------------------------------------------------------------------------------|
|  11  |  41.988  |  45.126  |  48.373  |  135.486  |    133.540     |   958.495   |      0      |  0  |  +1.220  |
|-----------------------------------------------------------------------------------------------------------------|
|  77  |  44.531  |  43.295  |  46.504  |  134.330  |    134.330     |   949.971   |      0      |  0  |  +0.790  |
|-----------------------------------------------------------------------------------------------------------------|
|  14  |  inf  |  inf  |  inf  |  0.000  |    inf     |     0.000   |      0      |  0  |  +inf  |
|-----------------------------------------------------------------------------------------------------------------|
|  55  |  inf  |  inf  |  inf  |  0.000  |    inf     |     0.000   |      0      |  0  |  +-nan  |
|-----------------------------------------------------------------------------------------------------------------|
|   6  |  inf  |  inf  |  inf  |  0.000  |    inf     |     0.000   |      0      |  0  |  +-nan  |
|-----------------------------------------------------------------------------------------------------------------|
|  99  |  inf  |  inf  |  inf  |  0.000  |    inf     |     0.000   |      0      |  0  |  +-nan  |
|-----------------------------------------------------------------------------------------------------------------|
|  16  |  inf  |  inf  |  inf  |  0.000  |    inf     |     0.000   |      0      |  0  |  +-nan  |
|-----------------------------------------------------------------------------------------------------------------|
|--------------------------------------------------------|
| best sector 1    | best sector 2    | best sector 3    |
|--------------------------------------------------------|
|  18 : 40.015     |   9 : 40.031     |  33 : 40.129     |
|--------------------------------------------------------|
