|-----------------------------------------------------------------------------------------------------------------|
| car  | sector 1 | sector 2 | sector 3 | lap time  | best lap time  | total time  | pit stop(s) | out | interval |
|-----------------------------------------------------------------------------------------------------------------|
|   7  |  43.591  |  46.869  |  45.571  |  136.031  |    124.197     |   786.479   |      0      |  0  |  +0.000  |
|-----------------------------------------------------------------------------------------------------------------|
|  33  |  41.776  |  44.986  |  43.749  |  130.512  |    125.258     |   785.782   |      0      |  0  |  +1.061  |
|-----------------------------------------------------------------------------------------------------------------|
|   9  |  44.406  |  47.596  |  46.347  |  138.349  |    126.677     |   800.768   |      0      |  0  |  +1.419  |
|-----------------------------------------------------------------------------------------------------------------|
|   5  |  42.520  |  45.747  |  44.420  |  132.688  |    126.688     |   789.137   |      0      |  0  |  +0.011  |
|-----------------------------------------------------------------------------------------------------------------|
|   4  |  40.648  |  48.313  |  42.559  |  131.520  |    127.872     |   790.527   |      0      |  0  |  +1.184  |
|-----------------------------------------------------------------------------------------------------------------|
|  31  |  43.244  |  41.990  |  45.187  |  142.615  |    128.250     |   789.759   |      1      |  0  |  +0.377  |
|-----------------------------------------------------------------------------------------------------------------|
|  22  |  42.740  |  45.961  |  40.169  |  128.869  |    128.869     |   797.840   |      0      |  0  |  +0.619  |
|-----------------------------------------------------------------------------------------------------------------|
|  44  |  44.663  |  47.812  |  46.566  |  139.041  |    129.423     |   808.667   |      0      |  0  |  +0.554  |
|-----------------------------------------------------------------------------------------------------------------|
|  63  |  40.857  |  44.095  |  47.303  |  132.255  |    131.834     |   807.555   |      0      |  0  |  +2.411  |
|-----------------------------------------------------------------------------------------------------------------|
|   3  |  43.515  |  42.234  |  40.970  |  134.585  |    132.660     |   787.989   |      1      |  0  |  +0.826  |
|-----------------------------------------------------------------------------------------------------------------|
|  18  |  inf  |  inf  |  inf  |  0.000  |    inf     |     0.000   |      0      |  0  |  +inf  |
|-----------------------------------------------------------------------------------------------------------------|
|  47  |  inf  |  inf  |  inf  |  0.000  |    inf     |     0.000   |      0      |  0  |  +-nan  |
|-----------------------------------------------------------------------------------------------------------------|
|  10  |  inf  |  inf  |  inf  |  0.000  |    inf     |     0.000   |      0      |  0  |  +-nan  |
|-----------------------------------------------------------------------------------------------------------------|
|  11  |  inf  |  inf  |  inf  |  0.000  |    inf     |     0.000   |      0      |  0  |  +-nan  |
|-----------------------------------------------------------------------------------------------------------------|
|  77  |  inf  |  inf  |  inf  |  0.000  |    inf     |     0.000   |      0      |  0  |  +-nan  |
|-----------------------------------------------------------------------------------------------------------------|
|  14  |  inf  |  inf  |  inf  |  0.000  |    inf     |     0.000   |      0      |  0  |  +-nan  |
|-----------------------------------------------------------------------------------------------------------------|
|  55  |  inf  |  inf  |  inf  |  0.000  |    inf     |     0.000   |      0      |  0  |  +-nan  |
|-----------------------------------------------------------------------------------------------------------------|
|   6  |  inf  |  inf  |  inf  |  0.000  |    inf     |     0.000   |      0      |  0  |  +-nan  |
|-----------------------------------------------------------------------------------------------------------------|
|  99  |  inf  |  inf  |  inf  |  0.000  |    inf     |     0.000   |      0      |  0  |  +-nan  |
|-----------------------------------------------------------------------------------------------------------------|
|  16  |  inf  |  inf  |  inf  |  0.000  |    inf     |     0.000   |      0      |  0  |  +-nan  |
|-----------------------------------------------------------------------------------------------------------------|
|--------------------------------------------------------|
| best sector 1    | best sector 2    | best sector 3    |
|--------------------------------------------------------|
|  33 : 40.056     |   4 : 40.093     |   7 : 40.041     |
|--------------------------------------------------------|
